6 0 0.0000 0.0000 888888.0000 1.0000 0 0.0000
12 0 0.0000 0.0000 888888.0000 1.0000 0 0.0000
14 40 27.9867 2.0278 5.9243 0.0000 1 51.6462
36 54 1.6400 0.5599 93.5096 0.0000 1 69.7224
38 0 0.0000 0.0000 888888.0000 1.0000 0 0.0000
46 14 1.7800 0.9026 12.9842 0.0000 1 17.4306
74 0 0.0000 0.0000 888888.0000 1.0000 0 0.0000
78 581 757.3100 16.3913 -10.7563 1.0000 14 750.1614
98 0 0.0000 0.0000 888888.0000 1.0000 0 0.0000
102 0 0.0000 0.0000 888888.0000 1.0000 0 0.0000
108 0 0.0000 0.0000 888888.0000 1.0000 0 0.0000
110 0 0.0000 0.0000 888888.0000 1.0000 0 0.0000
238 86 30.9600 5.0852 10.8236 0.0000 10 111.0394
