14 0 0.0000 0.0000 888888.0000 1.0000 0 0.0000
28 0 0.0000 0.0000 888888.0000 1.0000 0 0.0000
30 0 0.0000 0.0000 888888.0000 1.0000 0 0.0000
74 0 0.0000 0.0000 888888.0000 1.0000 0 0.0000
76 0 0.0000 0.0000 888888.0000 1.0000 0 0.0000
78 0 0.0000 0.0000 888888.0000 1.0000 0 0.0000
90 0 0.0000 0.0000 888888.0000 1.0000 0 0.0000
92 0 0.0000 0.0000 888888.0000 1.0000 0 0.0000
94 0 0.0000 0.0000 888888.0000 1.0000 0 0.0000
204 0 0.0000 0.0000 888888.0000 1.0000 0 0.0000
206 0 0.0000 0.0000 888888.0000 1.0000 0 0.0000
222 0 0.0000 0.0000 888888.0000 1.0000 0 0.0000
280 0 0.0000 0.0000 888888.0000 1.0000 0 0.0000
282 0 0.0000 0.0000 888888.0000 1.0000 0 0.0000
286 44 74.7880 12.1217 -2.5069 1.0000 1 11.1041
328 0 0.0000 0.0000 888888.0000 1.0000 0 0.0000
330 0 0.0000 0.0000 888888.0000 1.0000 0 0.0000
332 0 0.0000 0.0000 888888.0000 1.0000 0 0.0000
334 0 0.0000 0.0000 888888.0000 1.0000 0 0.0000
344 0 0.0000 0.0000 888888.0000 1.0000 0 0.0000
346 0 0.0000 0.0000 888888.0000 1.0000 0 0.0000
348 0 0.0000 0.0000 888888.0000 1.0000 0 0.0000
350 0 0.0000 0.0000 888888.0000 1.0000 0 0.0000
390 0 0.0000 0.0000 888888.0000 1.0000 0 0.0000
392 0 0.0000 0.0000 888888.0000 1.0000 0 0.0000
394 0 0.0000 0.0000 888888.0000 1.0000 0 0.0000
396 243 144.1700 17.8814 5.5270 0.0000 1 60.7724
398 0 0.0000 0.0000 888888.0000 1.0000 0 0.0000
404 0 0.0000 0.0000 888888.0000 1.0000 0 0.0000
406 142 141.5160 9.8155 0.0086 0.4500 1 35.4130
408 0 0.0000 0.0000 888888.0000 1.0000 0 0.0000
410 0 0.0000 0.0000 888888.0000 1.0000 0 0.0000
412 0 0.0000 0.0000 888888.0000 1.0000 0 0.0000
414 69 21.5400 8.8788 5.3829 0.0000 1 17.3397
454 0 0.0000 0.0000 888888.0000 1.0000 0 0.0000
456 0 0.0000 0.0000 888888.0000 1.0000 0 0.0000
458 0 0.0000 0.0000 888888.0000 1.0000 0 0.0000
460 0 0.0000 0.0000 888888.0000 1.0000 0 0.0000
462 0 0.0000 0.0000 888888.0000 1.0000 0 0.0000
468 0 0.0000 0.0000 888888.0000 1.0000 0 0.0000
470 0 0.0000 0.0000 888888.0000 1.0000 0 0.0000
472 0 0.0000 0.0000 888888.0000 1.0000 0 0.0000
474 0 0.0000 0.0000 888888.0000 1.0000 0 0.0000
476 0 0.0000 0.0000 888888.0000 1.0000 0 0.0000
478 0 0.0000 0.0000 888888.0000 1.0000 0 0.0000
856 0 0.0000 0.0000 888888.0000 1.0000 0 0.0000
858 0 0.0000 0.0000 888888.0000 1.0000 0 0.0000
862 17 10.0657 3.1377 2.2555 0.0400 1 4.2873
904 0 0.0000 0.0000 888888.0000 1.0000 0 0.0000
906 0 0.0000 0.0000 888888.0000 1.0000 0 0.0000
908 0 0.0000 0.0000 888888.0000 1.0000 0 0.0000
910 0 0.0000 0.0000 888888.0000 1.0000 0 0.0000
922 0 0.0000 0.0000 888888.0000 1.0000 0 0.0000
924 0 0.0000 0.0000 888888.0000 1.0000 0 0.0000
926 0 0.0000 0.0000 888888.0000 1.0000 0 0.0000
972 9 10.8100 3.7137 -0.3976 0.6300 1 2.3342
974 0 0.0000 0.0000 888888.0000 1.0000 0 0.0000
990 8 1.5000 1.3656 4.3936 0.0000 1 1.8757
2184 76 5.9000 2.6723 26.2317 0.0000 1 19.0070
2186 0 0.0000 0.0000 888888.0000 1.0000 0 0.0000
2190 0 0.0000 0.0000 888888.0000 1.0000 0 0.0000
2202 58 9.3760 3.5693 13.5109 0.0000 1 14.4053
2204 0 0.0000 0.0000 888888.0000 1.0000 0 0.0000
2206 0 0.0000 0.0000 888888.0000 1.0000 0 0.0000
2252 0 0.0000 0.0000 888888.0000 1.0000 0 0.0000
2254 0 0.0000 0.0000 888888.0000 1.0000 0 0.0000
2270 0 0.0000 0.0000 888888.0000 1.0000 0 0.0000
2458 0 0.0000 0.0000 888888.0000 1.0000 0 0.0000
2462 4 1.2571 1.4225 2.1291 0.0600 1 1.0718
2506 0 0.0000 0.0000 888888.0000 1.0000 0 0.0000
2510 0 0.0000 0.0000 888888.0000 1.0000 0 0.0000
2524 0 0.0000 0.0000 888888.0000 1.0000 0 0.0000
2526 0 0.0000 0.0000 888888.0000 1.0000 0 0.0000
3038 9 0.0756 0.2304 40.1776 0.0000 1 2.3342
4370 0 0.0000 0.0000 888888.0000 1.0000 0 0.0000
4374 0 0.0000 0.0000 888888.0000 1.0000 0 0.0000
4382 634 1182.1200 68.4206 -8.0110 1.0000 9 158.5583
4418 0 0.0000 0.0000 888888.0000 1.0000 0 0.0000
4420 0 0.0000 0.0000 888888.0000 1.0000 0 0.0000
4422 0 0.0000 0.0000 888888.0000 1.0000 0 0.0000
4424 0 0.0000 0.0000 888888.0000 1.0000 0 0.0000
4426 0 0.0000 0.0000 888888.0000 1.0000 0 0.0000
4428 0 0.0000 0.0000 888888.0000 1.0000 0 0.0000
4430 0 0.0000 0.0000 888888.0000 1.0000 0 0.0000
4434 0 0.0000 0.0000 888888.0000 1.0000 0 0.0000
4436 0 0.0000 0.0000 888888.0000 1.0000 0 0.0000
4438 0 0.0000 0.0000 888888.0000 1.0000 0 0.0000
4440 0 0.0000 0.0000 888888.0000 1.0000 0 0.0000
4442 0 0.0000 0.0000 888888.0000 1.0000 0 0.0000
4444 0 0.0000 0.0000 888888.0000 1.0000 0 0.0000
4446 0 0.0000 0.0000 888888.0000 1.0000 0 0.0000
4546 0 0.0000 0.0000 888888.0000 1.0000 0 0.0000
4548 0 0.0000 0.0000 888888.0000 1.0000 0 0.0000
4550 0 0.0000 0.0000 888888.0000 1.0000 0 0.0000
4556 0 0.0000 0.0000 888888.0000 1.0000 0 0.0000
4558 0 0.0000 0.0000 888888.0000 1.0000 0 0.0000
4562 0 0.0000 0.0000 888888.0000 1.0000 0 0.0000
4564 0 0.0000 0.0000 888888.0000 1.0000 0 0.0000
4566 0 0.0000 0.0000 888888.0000 1.0000 0 0.0000
4572 0 0.0000 0.0000 888888.0000 1.0000 0 0.0000
4574 0 0.0000 0.0000 888888.0000 1.0000 0 0.0000
4678 0 0.0000 0.0000 888888.0000 1.0000 0 0.0000
4682 0 0.0000 0.0000 888888.0000 1.0000 0 0.0000
4686 0 0.0000 0.0000 888888.0000 1.0000 0 0.0000
4692 0 0.0000 0.0000 888888.0000 1.0000 0 0.0000
4694 0 0.0000 0.0000 888888.0000 1.0000 0 0.0000
4698 1819 3221.4767 111.3545 -12.5947 1.0000 10 454.9173
4700 0 0.0000 0.0000 888888.0000 1.0000 0 0.0000
4702 0 0.0000 0.0000 888888.0000 1.0000 0 0.0000
4740 0 0.0000 0.0000 888888.0000 1.0000 0 0.0000
4742 0 0.0000 0.0000 888888.0000 1.0000 0 0.0000
4748 0 0.0000 0.0000 888888.0000 1.0000 0 0.0000
4750 0 0.0000 0.0000 888888.0000 1.0000 0 0.0000
4758 0 0.0000 0.0000 888888.0000 1.0000 0 0.0000
4764 0 0.0000 0.0000 888888.0000 1.0000 0 0.0000
4766 0 0.0000 0.0000 888888.0000 1.0000 0 0.0000
4812 0 0.0000 0.0000 888888.0000 1.0000 0 0.0000
4814 0 0.0000 0.0000 888888.0000 1.0000 0 0.0000
4830 0 0.0000 0.0000 888888.0000 1.0000 0 0.0000
4946 0 0.0000 0.0000 888888.0000 1.0000 0 0.0000
4950 0 0.0000 0.0000 888888.0000 1.0000 0 0.0000
4952 0 0.0000 0.0000 888888.0000 1.0000 0 0.0000
4954 0 0.0000 0.0000 888888.0000 1.0000 0 0.0000
4958 665 424.2475 52.2910 4.6041 0.0000 7 166.3112
4994 0 0.0000 0.0000 888888.0000 1.0000 0 0.0000
4998 0 0.0000 0.0000 888888.0000 1.0000 0 0.0000
5002 0 0.0000 0.0000 888888.0000 1.0000 0 0.0000
5004 0 0.0000 0.0000 888888.0000 1.0000 0 0.0000
5006 0 0.0000 0.0000 888888.0000 1.0000 0 0.0000
5010 0 0.0000 0.0000 888888.0000 1.0000 0 0.0000
5012 0 0.0000 0.0000 888888.0000 1.0000 0 0.0000
5014 0 0.0000 0.0000 888888.0000 1.0000 0 0.0000
5016 0 0.0000 0.0000 888888.0000 1.0000 0 0.0000
5018 0 0.0000 0.0000 888888.0000 1.0000 0 0.0000
5020 0 0.0000 0.0000 888888.0000 1.0000 0 0.0000
5022 0 0.0000 0.0000 888888.0000 1.0000 0 0.0000
5058 0 0.0000 0.0000 888888.0000 1.0000 0 0.0000
5062 0 0.0000 0.0000 888888.0000 1.0000 0 0.0000
5064 0 0.0000 0.0000 888888.0000 1.0000 0 0.0000
5066 0 0.0000 0.0000 888888.0000 1.0000 0 0.0000
5068 0 0.0000 0.0000 888888.0000 1.0000 0 0.0000
5070 0 0.0000 0.0000 888888.0000 1.0000 0 0.0000
5074 0 0.0000 0.0000 888888.0000 1.0000 0 0.0000
5076 0 0.0000 0.0000 888888.0000 1.0000 0 0.0000
5078 0 0.0000 0.0000 888888.0000 1.0000 0 0.0000
5080 0 0.0000 0.0000 888888.0000 1.0000 0 0.0000
5082 0 0.0000 0.0000 888888.0000 1.0000 0 0.0000
5084 0 0.0000 0.0000 888888.0000 1.0000 0 0.0000
5086 0 0.0000 0.0000 888888.0000 1.0000 0 0.0000
6342 0 0.0000 0.0000 888888.0000 1.0000 0 0.0000
6348 0 0.0000 0.0000 888888.0000 1.0000 0 0.0000
6350 0 0.0000 0.0000 888888.0000 1.0000 0 0.0000
6356 0 0.0000 0.0000 888888.0000 1.0000 0 0.0000
6358 0 0.0000 0.0000 888888.0000 1.0000 0 0.0000
6364 0 0.0000 0.0000 888888.0000 1.0000 0 0.0000
6366 0 0.0000 0.0000 888888.0000 1.0000 0 0.0000
6550 0 0.0000 0.0000 888888.0000 1.0000 0 0.0000
6552 0 0.0000 0.0000 888888.0000 1.0000 0 0.0000
6554 0 0.0000 0.0000 888888.0000 1.0000 0 0.0000
6558 0 0.0000 0.0000 888888.0000 1.0000 0 0.0000
6598 0 0.0000 0.0000 888888.0000 1.0000 0 0.0000
6602 0 0.0000 0.0000 888888.0000 1.0000 0 0.0000
6604 0 0.0000 0.0000 888888.0000 1.0000 0 0.0000
6606 0 0.0000 0.0000 888888.0000 1.0000 0 0.0000
6614 0 0.0000 0.0000 888888.0000 1.0000 0 0.0000
6616 0 0.0000 0.0000 888888.0000 1.0000 0 0.0000
6618 0 0.0000 0.0000 888888.0000 1.0000 0 0.0000
6620 0 0.0000 0.0000 888888.0000 1.0000 0 0.0000
6622 0 0.0000 0.0000 888888.0000 1.0000 0 0.0000
6854 0 0.0000 0.0000 888888.0000 1.0000 0 0.0000
6858 0 0.0000 0.0000 888888.0000 1.0000 0 0.0000
6862 0 0.0000 0.0000 888888.0000 1.0000 0 0.0000
6870 0 0.0000 0.0000 888888.0000 1.0000 0 0.0000
6874 0 0.0000 0.0000 888888.0000 1.0000 0 0.0000
6876 0 0.0000 0.0000 888888.0000 1.0000 0 0.0000
6878 0 0.0000 0.0000 888888.0000 1.0000 0 0.0000
7126 0 0.0000 0.0000 888888.0000 1.0000 0 0.0000
7128 0 0.0000 0.0000 888888.0000 1.0000 0 0.0000
7130 0 0.0000 0.0000 888888.0000 1.0000 0 0.0000
7134 0 0.0000 0.0000 888888.0000 1.0000 0 0.0000
13142 0 0.0000 0.0000 888888.0000 1.0000 0 0.0000
13146 0 0.0000 0.0000 888888.0000 1.0000 0 0.0000
13148 0 0.0000 0.0000 888888.0000 1.0000 0 0.0000
13150 0 0.0000 0.0000 888888.0000 1.0000 0 0.0000
13260 52 94.1875 12.5359 -3.3653 1.0000 6 13.0048
13262 0 0.0000 0.0000 888888.0000 1.0000 0 0.0000
13278 129 27.6540 9.5647 10.5959 0.0000 7 32.2619
14678 0 0.0000 0.0000 888888.0000 1.0000 0 0.0000
14686 0 0.0000 0.0000 888888.0000 1.0000 0 0.0000
14790 0 0.0000 0.0000 888888.0000 1.0000 0 0.0000
14798 0 0.0000 0.0000 888888.0000 1.0000 0 0.0000
14810 0 0.0000 0.0000 888888.0000 1.0000 0 0.0000
14812 0 0.0000 0.0000 888888.0000 1.0000 0 0.0000
14814 0 0.0000 0.0000 888888.0000 1.0000 0 0.0000
15258 0 0.0000 0.0000 888888.0000 1.0000 0 0.0000
15262 0 0.0000 0.0000 888888.0000 1.0000 0 0.0000
15310 0 0.0000 0.0000 888888.0000 1.0000 0 0.0000
15326 0 0.0000 0.0000 888888.0000 1.0000 0 0.0000
31710 20 0.6967 0.9477 20.3692 0.0000 4 5.0018
