0 40 1
0 10 1
0 45 1
0 48 1
0 17 1
0 19 1
0 53 1
0 54 1
0 55 1
1 11 1
1 33 1
1 27 1
1 12 1
1 59 1
2 32 1
2 50 1
2 27 1
2 14 1
2 15 1
3 32 1
3 17 1
3 58 1
3 29 1
3 47 1
4 56 1
5 49 1
5 26 1
5 43 1
6 61 1
6 43 1
6 20 1
6 37 1
6 7 1
7 34 1
7 36 1
7 37 1
7 42 1
7 43 1
7 45 1
7 19 1
7 52 1
7 24 1
8 59 1
9 17 1
9 58 1
9 55 1
10 37 1
10 47 1
10 48 1
10 17 1
10 55 1
11 59 1
11 12 1
12 27 1
13 57 1
13 50 1
13 27 1
13 33 1
14 32 1
14 36 1
14 42 1
14 15 1
14 48 1
14 52 1
14 20 1
14 58 1
15 40 1
15 50 1
15 22 1
15 25 1
16 39 1
17 32 1
17 43 1
17 45 1
17 47 1
17 48 1
17 52 1
17 55 1
18 19 1
18 61 1
19 37 1
19 42 1
19 43 1
19 49 1
20 42 1
20 26 1
21 57 1
21 27 1
21 39 1
21 46 1
21 41 1
22 40 1
22 50 1
22 52 1
22 25 1
22 26 1
23 58 1
23 39 1
24 33 1
24 37 1
24 43 1
24 47 1
24 54 1
24 25 1
24 58 1
25 37 1
25 40 1
25 47 1
26 40 1
27 57 1
27 58 1
27 59 1
28 55 1
29 32 1
29 37 1
30 39 1
30 41 1
30 46 1
30 57 1
30 59 1
30 60 1
31 41 1
31 60 1
31 46 1
31 39 1
32 43 1
33 50 1
33 57 1
35 55 1
36 37 1
36 42 1
36 43 1
36 52 1
37 42 1
37 43 1
37 52 1
37 54 1
38 59 1
39 41 1
39 46 1
39 57 1
39 59 1
41 46 1
41 56 1
41 59 1
42 44 1
42 54 1
43 45 1
43 58 1
45 48 1
45 55 1
46 56 1
46 57 1
46 59 1
47 48 1
47 51 1
48 55 1
51 55 1
52 55 1
